Feel free to place comments here.


!!!!!!!!!!!!!!!!!!!!!!!!!!!!!!!!!!!!!!!!!!!!!!!!!!!!!!!!!!!!!!!!!!!!!!!!!
!!! Warning:  This is a KLT data file.  Do not modify below this line !!!

------------------------------
KLT Feature Table
------------------------------

nFrames = 10, nFeatures = 150

feature |          frame
        |                   0                   1                   2                   3                   4                   5                   6                   7                   8                   9
--------+---------------------------------------------------------------------------------------------------------------------------------------------------------------------------------------------------------
      0 | ( 61.0,158.0)=93564 ( -1.0, -1.0)=   -5 ( -1.0, -1.0)=   -5 ( -1.0, -1.0)=   -5 ( -1.0, -1.0)=   -5 ( -1.0, -1.0)=   -5 ( -1.0, -1.0)=   -5 ( -1.0, -1.0)=   -5 ( -1.0, -1.0)=   -5 ( -1.0, -1.0)=   -5 
      1 | ( 58.0, 81.0)=93564 ( 57.4, 83.7)=    0 ( -1.0, -1.0)=   -3 ( -1.0, -1.0)=   -3 ( -1.0, -1.0)=   -3 ( -1.0, -1.0)=   -3 ( -1.0, -1.0)=   -3 ( -1.0, -1.0)=   -3 ( -1.0, -1.0)=   -3 ( -1.0, -1.0)=   -3 
      2 | ( 41.0, 81.0)=93564 ( -1.0, -1.0)=   -3 ( -1.0, -1.0)=   -3 ( -1.0, -1.0)=   -3 ( -1.0, -1.0)=   -3 ( -1.0, -1.0)=   -3 ( -1.0, -1.0)=   -3 ( -1.0, -1.0)=   -3 ( -1.0, -1.0)=   -3 ( -1.0, -1.0)=   -3 
      3 | ( 38.0,201.0)=93564 ( -1.0, -1.0)=   -5 ( -1.0, -1.0)=   -5 ( -1.0, -1.0)=   -5 ( -1.0, -1.0)=   -5 ( -1.0, -1.0)=   -5 ( -1.0, -1.0)=   -5 ( -1.0, -1.0)=   -5 ( -1.0, -1.0)=   -5 ( -1.0, -1.0)=   -5 
      4 | ( 38.0,158.0)=93564 ( -1.0, -1.0)=   -5 ( -1.0, -1.0)=   -5 ( -1.0, -1.0)=   -5 ( -1.0, -1.0)=   -5 ( -1.0, -1.0)=   -5 ( -1.0, -1.0)=   -5 ( -1.0, -1.0)=   -5 ( -1.0, -1.0)=   -5 ( -1.0, -1.0)=   -5 
      5 | ( 78.0,158.0)=93564 ( -1.0, -1.0)=   -5 ( -1.0, -1.0)=   -5 ( -1.0, -1.0)=   -5 ( -1.0, -1.0)=   -5 ( -1.0, -1.0)=   -5 ( -1.0, -1.0)=   -5 ( -1.0, -1.0)=   -5 ( -1.0, -1.0)=   -5 ( -1.0, -1.0)=   -5 
      6 | (118.0, 81.0)=93564 ( -1.0, -1.0)=   -5 ( -1.0, -1.0)=   -5 ( -1.0, -1.0)=   -5 ( -1.0, -1.0)=   -5 ( -1.0, -1.0)=   -5 ( -1.0, -1.0)=   -5 ( -1.0, -1.0)=   -5 ( -1.0, -1.0)=   -5 ( -1.0, -1.0)=   -5 
      7 | (118.0,158.0)=93564 (115.9,157.8)=    0 (113.2,157.8)=    0 ( -1.0, -1.0)=   -5 ( -1.0, -1.0)=   -5 ( -1.0, -1.0)=   -5 ( -1.0, -1.0)=   -5 ( -1.0, -1.0)=   -5 ( -1.0, -1.0)=   -5 ( -1.0, -1.0)=   -5 
      8 | (281.0, 61.0)=93564 ( -1.0, -1.0)=   -5 ( -1.0, -1.0)=   -5 ( -1.0, -1.0)=   -5 ( -1.0, -1.0)=   -5 ( -1.0, -1.0)=   -5 ( -1.0, -1.0)=   -5 ( -1.0, -1.0)=   -5 ( -1.0, -1.0)=   -5 ( -1.0, -1.0)=   -5 
      9 | (101.0, 81.0)=93564 ( -1.0, -1.0)=   -5 ( -1.0, -1.0)=   -5 ( -1.0, -1.0)=   -5 ( -1.0, -1.0)=   -5 ( -1.0, -1.0)=   -5 ( -1.0, -1.0)=   -5 ( -1.0, -1.0)=   -5 ( -1.0, -1.0)=   -5 ( -1.0, -1.0)=   -5 
     10 | (101.0,158.0)=93564 ( 97.9,157.8)=    0 ( 94.2,158.0)=    0 ( -1.0, -1.0)=   -5 ( -1.0, -1.0)=   -5 ( -1.0, -1.0)=   -5 ( -1.0, -1.0)=   -5 ( -1.0, -1.0)=   -5 ( -1.0, -1.0)=   -5 ( -1.0, -1.0)=   -5 
     11 | ( 81.0, 81.0)=93564 ( -1.0, -1.0)=   -3 ( -1.0, -1.0)=   -3 ( -1.0, -1.0)=   -3 ( -1.0, -1.0)=   -3 ( -1.0, -1.0)=   -3 ( -1.0, -1.0)=   -3 ( -1.0, -1.0)=   -3 ( -1.0, -1.0)=   -3 ( -1.0, -1.0)=   -3 
     12 | ( 58.0,201.0)=93564 ( -1.0, -1.0)=   -4 ( -1.0, -1.0)=   -4 ( -1.0, -1.0)=   -4 ( -1.0, -1.0)=   -4 ( -1.0, -1.0)=   -4 ( -1.0, -1.0)=   -4 ( -1.0, -1.0)=   -4 ( -1.0, -1.0)=   -4 ( -1.0, -1.0)=   -4 
     13 | (158.0,201.0)=93564 ( -1.0, -1.0)=   -5 ( -1.0, -1.0)=   -5 ( -1.0, -1.0)=   -5 ( -1.0, -1.0)=   -5 ( -1.0, -1.0)=   -5 ( -1.0, -1.0)=   -5 ( -1.0, -1.0)=   -5 ( -1.0, -1.0)=   -5 ( -1.0, -1.0)=   -5 
     14 | ( 81.0, 41.0)=93564 ( -1.0, -1.0)=   -2 ( -1.0, -1.0)=   -2 ( -1.0, -1.0)=   -2 ( -1.0, -1.0)=   -2 ( -1.0, -1.0)=   -2 ( -1.0, -1.0)=   -2 ( -1.0, -1.0)=   -2 ( -1.0, -1.0)=   -2 ( -1.0, -1.0)=   -2 
     15 | ( 98.0, 41.0)=93564 ( -1.0, -1.0)=   -5 ( -1.0, -1.0)=   -5 ( -1.0, -1.0)=   -5 ( -1.0, -1.0)=   -5 ( -1.0, -1.0)=   -5 ( -1.0, -1.0)=   -5 ( -1.0, -1.0)=   -5 ( -1.0, -1.0)=   -5 ( -1.0, -1.0)=   -5 
     16 | (118.0, 41.0)=93564 (115.3, 41.0)=    0 (112.8, 41.2)=    0 ( -1.0, -1.0)=   -5 ( -1.0, -1.0)=   -5 ( -1.0, -1.0)=   -5 ( -1.0, -1.0)=   -5 ( -1.0, -1.0)=   -5 ( -1.0, -1.0)=   -5 ( -1.0, -1.0)=   -5 
     17 | (181.0,201.0)=93564 ( -1.0, -1.0)=   -4 ( -1.0, -1.0)=   -4 ( -1.0, -1.0)=   -4 ( -1.0, -1.0)=   -4 ( -1.0, -1.0)=   -4 ( -1.0, -1.0)=   -4 ( -1.0, -1.0)=   -4 ( -1.0, -1.0)=   -4 ( -1.0, -1.0)=   -4 
     18 | (141.0,201.0)=93564 ( -1.0, -1.0)=   -4 ( -1.0, -1.0)=   -4 ( -1.0, -1.0)=   -4 ( -1.0, -1.0)=   -4 ( -1.0, -1.0)=   -4 ( -1.0, -1.0)=   -4 ( -1.0, -1.0)=   -4 ( -1.0, -1.0)=   -4 ( -1.0, -1.0)=   -4 
     19 | ( 38.0, 41.0)=93564 ( -1.0, -1.0)=   -5 ( -1.0, -1.0)=   -5 ( -1.0, -1.0)=   -5 ( -1.0, -1.0)=   -5 ( -1.0, -1.0)=   -5 ( -1.0, -1.0)=   -5 ( -1.0, -1.0)=   -5 ( -1.0, -1.0)=   -5 ( -1.0, -1.0)=   -5 
     20 | ( 98.0,201.0)=93564 ( 93.8,200.6)=    0 ( -1.0, -1.0)=   -3 ( -1.0, -1.0)=   -3 ( -1.0, -1.0)=   -3 ( -1.0, -1.0)=   -3 ( -1.0, -1.0)=   -3 ( -1.0, -1.0)=   -3 ( -1.0, -1.0)=   -3 ( -1.0, -1.0)=   -3 
     21 | ( 81.0,201.0)=93564 ( -1.0, -1.0)=   -4 ( -1.0, -1.0)=   -4 ( -1.0, -1.0)=   -4 ( -1.0, -1.0)=   -4 ( -1.0, -1.0)=   -4 ( -1.0, -1.0)=   -4 ( -1.0, -1.0)=   -4 ( -1.0, -1.0)=   -4 ( -1.0, -1.0)=   -4 
     22 | (121.0,201.0)=93564 ( -1.0, -1.0)=   -5 ( -1.0, -1.0)=   -5 ( -1.0, -1.0)=   -5 ( -1.0, -1.0)=   -5 ( -1.0, -1.0)=   -5 ( -1.0, -1.0)=   -5 ( -1.0, -1.0)=   -5 ( -1.0, -1.0)=   -5 ( -1.0, -1.0)=   -5 
     23 | ( 61.0, 41.0)=93564 ( 58.5, 41.6)=    0 ( 56.2, 43.9)=    0 ( -1.0, -1.0)=   -2 ( -1.0, -1.0)=   -2 ( -1.0, -1.0)=   -2 ( -1.0, -1.0)=   -2 ( -1.0, -1.0)=   -2 ( -1.0, -1.0)=   -2 ( -1.0, -1.0)=   -2 
     24 | (138.0,158.0)=93564 ( -1.0, -1.0)=   -3 ( -1.0, -1.0)=   -3 ( -1.0, -1.0)=   -3 ( -1.0, -1.0)=   -3 ( -1.0, -1.0)=   -3 ( -1.0, -1.0)=   -3 ( -1.0, -1.0)=   -3 ( -1.0, -1.0)=   -3 ( -1.0, -1.0)=   -3 
     25 | (221.0, 81.0)=93564 ( -1.0, -1.0)=   -5 ( -1.0, -1.0)=   -5 ( -1.0, -1.0)=   -5 ( -1.0, -1.0)=   -5 ( -1.0, -1.0)=   -5 ( -1.0, -1.0)=   -5 ( -1.0, -1.0)=   -5 ( -1.0, -1.0)=   -5 ( -1.0, -1.0)=   -5 
     26 | (261.0,158.0)=93564 (257.9,158.1)=    0 ( -1.0, -1.0)=   -3 ( -1.0, -1.0)=   -3 ( -1.0, -1.0)=   -3 ( -1.0, -1.0)=   -3 ( -1.0, -1.0)=   -3 ( -1.0, -1.0)=   -3 ( -1.0, -1.0)=   -3 ( -1.0, -1.0)=   -3 
     27 | (278.0,158.0)=93564 (274.0,157.4)=    0 (270.1,156.9)=    0 ( -1.0, -1.0)=   -3 ( -1.0, -1.0)=   -3 ( -1.0, -1.0)=   -3 ( -1.0, -1.0)=   -3 ( -1.0, -1.0)=   -3 ( -1.0, -1.0)=   -3 ( -1.0, -1.0)=   -3 
     28 | (198.0,198.0)=93564 ( -1.0, -1.0)=   -5 ( -1.0, -1.0)=   -5 ( -1.0, -1.0)=   -5 ( -1.0, -1.0)=   -5 ( -1.0, -1.0)=   -5 ( -1.0, -1.0)=   -5 ( -1.0, -1.0)=   -5 ( -1.0, -1.0)=   -5 ( -1.0, -1.0)=   -5 
     29 | (221.0,198.0)=93564 ( -1.0, -1.0)=   -5 ( -1.0, -1.0)=   -5 ( -1.0, -1.0)=   -5 ( -1.0, -1.0)=   -5 ( -1.0, -1.0)=   -5 ( -1.0, -1.0)=   -5 ( -1.0, -1.0)=   -5 ( -1.0, -1.0)=   -5 ( -1.0, -1.0)=   -5 
     30 | (241.0, 81.0)=93564 ( -1.0, -1.0)=   -5 ( -1.0, -1.0)=   -5 ( -1.0, -1.0)=   -5 ( -1.0, -1.0)=   -5 ( -1.0, -1.0)=   -5 ( -1.0, -1.0)=   -5 ( -1.0, -1.0)=   -5 ( -1.0, -1.0)=   -5 ( -1.0, -1.0)=   -5 
     31 | (241.0,158.0)=93564 ( -1.0, -1.0)=   -5 ( -1.0, -1.0)=   -5 ( -1.0, -1.0)=   -5 ( -1.0, -1.0)=   -5 ( -1.0, -1.0)=   -5 ( -1.0, -1.0)=   -5 ( -1.0, -1.0)=   -5 ( -1.0, -1.0)=   -5 ( -1.0, -1.0)=   -5 
     32 | (238.0,198.0)=93564 ( -1.0, -1.0)=   -5 ( -1.0, -1.0)=   -5 ( -1.0, -1.0)=   -5 ( -1.0, -1.0)=   -5 ( -1.0, -1.0)=   -5 ( -1.0, -1.0)=   -5 ( -1.0, -1.0)=   -5 ( -1.0, -1.0)=   -5 ( -1.0, -1.0)=   -5 
     33 | (181.0,158.0)=93564 ( -1.0, -1.0)=   -5 ( -1.0, -1.0)=   -5 ( -1.0, -1.0)=   -5 ( -1.0, -1.0)=   -5 ( -1.0, -1.0)=   -5 ( -1.0, -1.0)=   -5 ( -1.0, -1.0)=   -5 ( -1.0, -1.0)=   -5 ( -1.0, -1.0)=   -5 
     34 | (161.0, 81.0)=93564 ( -1.0, -1.0)=   -5 ( -1.0, -1.0)=   -5 ( -1.0, -1.0)=   -5 ( -1.0, -1.0)=   -5 ( -1.0, -1.0)=   -5 ( -1.0, -1.0)=   -5 ( -1.0, -1.0)=   -5 ( -1.0, -1.0)=   -5 ( -1.0, -1.0)=   -5 
     35 | (178.0, 81.0)=93564 ( -1.0, -1.0)=   -5 ( -1.0, -1.0)=   -5 ( -1.0, -1.0)=   -5 ( -1.0, -1.0)=   -5 ( -1.0, -1.0)=   -5 ( -1.0, -1.0)=   -5 ( -1.0, -1.0)=   -5 ( -1.0, -1.0)=   -5 ( -1.0, -1.0)=   -5 
     36 | (138.0, 81.0)=93564 ( -1.0, -1.0)=   -5 ( -1.0, -1.0)=   -5 ( -1.0, -1.0)=   -5 ( -1.0, -1.0)=   -5 ( -1.0, -1.0)=   -5 ( -1.0, -1.0)=   -5 ( -1.0, -1.0)=   -5 ( -1.0, -1.0)=   -5 ( -1.0, -1.0)=   -5 
     37 | (158.0,158.0)=93564 ( -1.0, -1.0)=   -5 ( -1.0, -1.0)=   -5 ( -1.0, -1.0)=   -5 ( -1.0, -1.0)=   -5 ( -1.0, -1.0)=   -5 ( -1.0, -1.0)=   -5 ( -1.0, -1.0)=   -5 ( -1.0, -1.0)=   -5 ( -1.0, -1.0)=   -5 
     38 | (198.0,158.0)=93564 ( -1.0, -1.0)=   -5 ( -1.0, -1.0)=   -5 ( -1.0, -1.0)=   -5 ( -1.0, -1.0)=   -5 ( -1.0, -1.0)=   -5 ( -1.0, -1.0)=   -5 ( -1.0, -1.0)=   -5 ( -1.0, -1.0)=   -5 ( -1.0, -1.0)=   -5 
     39 | (258.0,198.0)=93564 ( -1.0, -1.0)=   -5 ( -1.0, -1.0)=   -5 ( -1.0, -1.0)=   -5 ( -1.0, -1.0)=   -5 ( -1.0, -1.0)=   -5 ( -1.0, -1.0)=   -5 ( -1.0, -1.0)=   -5 ( -1.0, -1.0)=   -5 ( -1.0, -1.0)=   -5 
     40 | (221.0,158.0)=93564 ( -1.0, -1.0)=   -3 ( -1.0, -1.0)=   -3 ( -1.0, -1.0)=   -3 ( -1.0, -1.0)=   -3 ( -1.0, -1.0)=   -3 ( -1.0, -1.0)=   -3 ( -1.0, -1.0)=   -3 ( -1.0, -1.0)=   -3 ( -1.0, -1.0)=   -3 
     41 | (201.0, 81.0)=93564 ( -1.0, -1.0)=   -5 ( -1.0, -1.0)=   -5 ( -1.0, -1.0)=   -5 ( -1.0, -1.0)=   -5 ( -1.0, -1.0)=   -5 ( -1.0, -1.0)=   -5 ( -1.0, -1.0)=   -5 ( -1.0, -1.0)=   -5 ( -1.0, -1.0)=   -5 
     42 | (281.0,198.0)=93564 ( -1.0, -1.0)=   -5 ( -1.0, -1.0)=   -5 ( -1.0, -1.0)=   -5 ( -1.0, -1.0)=   -5 ( -1.0, -1.0)=   -5 ( -1.0, -1.0)=   -5 ( -1.0, -1.0)=   -5 ( -1.0, -1.0)=   -5 ( -1.0, -1.0)=   -5 
     43 | (218.0,141.0)=93564 ( -1.0, -1.0)=   -5 ( -1.0, -1.0)=   -5 ( -1.0, -1.0)=   -5 ( -1.0, -1.0)=   -5 ( -1.0, -1.0)=   -5 ( -1.0, -1.0)=   -5 ( -1.0, -1.0)=   -5 ( -1.0, -1.0)=   -5 ( -1.0, -1.0)=   -5 
     44 | (201.0,141.0)=93564 ( -1.0, -1.0)=   -5 ( -1.0, -1.0)=   -5 ( -1.0, -1.0)=   -5 ( -1.0, -1.0)=   -5 ( -1.0, -1.0)=   -5 ( -1.0, -1.0)=   -5 ( -1.0, -1.0)=   -5 ( -1.0, -1.0)=   -5 ( -1.0, -1.0)=   -5 
     45 | ( 61.0,118.0)=93564 ( 55.8,118.2)=    0 ( -1.0, -1.0)=   -3 ( -1.0, -1.0)=   -3 ( -1.0, -1.0)=   -3 ( -1.0, -1.0)=   -3 ( -1.0, -1.0)=   -3 ( -1.0, -1.0)=   -3 ( -1.0, -1.0)=   -3 ( -1.0, -1.0)=   -3 
     46 | ( 78.0,118.0)=93564 ( -1.0, -1.0)=   -5 ( -1.0, -1.0)=   -5 ( -1.0, -1.0)=   -5 ( -1.0, -1.0)=   -5 ( -1.0, -1.0)=   -5 ( -1.0, -1.0)=   -5 ( -1.0, -1.0)=   -5 ( -1.0, -1.0)=   -5 ( -1.0, -1.0)=   -5 
     47 | (161.0,141.0)=93564 (213.8,122.3)=    0 ( -1.0, -1.0)=   -5 ( -1.0, -1.0)=   -5 ( -1.0, -1.0)=   -5 ( -1.0, -1.0)=   -5 ( -1.0, -1.0)=   -5 ( -1.0, -1.0)=   -5 ( -1.0, -1.0)=   -5 ( -1.0, -1.0)=   -5 
     48 | (178.0,141.0)=93564 ( -1.0, -1.0)=   -5 ( -1.0, -1.0)=   -5 ( -1.0, -1.0)=   -5 ( -1.0, -1.0)=   -5 ( -1.0, -1.0)=   -5 ( -1.0, -1.0)=   -5 ( -1.0, -1.0)=   -5 ( -1.0, -1.0)=   -5 ( -1.0, -1.0)=   -5 
     49 | (238.0,141.0)=93564 ( -1.0, -1.0)=   -3 ( -1.0, -1.0)=   -3 ( -1.0, -1.0)=   -3 ( -1.0, -1.0)=   -3 ( -1.0, -1.0)=   -3 ( -1.0, -1.0)=   -3 ( -1.0, -1.0)=   -3 ( -1.0, -1.0)=   -3 ( -1.0, -1.0)=   -3 
     50 | (281.0,101.0)=93564 ( -1.0, -1.0)=   -5 ( -1.0, -1.0)=   -5 ( -1.0, -1.0)=   -5 ( -1.0, -1.0)=   -5 ( -1.0, -1.0)=   -5 ( -1.0, -1.0)=   -5 ( -1.0, -1.0)=   -5 ( -1.0, -1.0)=   -5 ( -1.0, -1.0)=   -5 
     51 | ( 38.0,118.0)=93564 ( -1.0, -1.0)=   -3 ( -1.0, -1.0)=   -3 ( -1.0, -1.0)=   -3 ( -1.0, -1.0)=   -3 ( -1.0, -1.0)=   -3 ( -1.0, -1.0)=   -3 ( -1.0, -1.0)=   -3 ( -1.0, -1.0)=   -3 ( -1.0, -1.0)=   -3 
     52 | (261.0,101.0)=93564 (258.8,101.2)=    0 (256.7,101.3)=    0 (254.6,101.4)=    0 (252.6,101.3)=    0 (250.5,101.6)=    0 (248.5,101.7)=    0 ( -1.0, -1.0)=   -5 ( -1.0, -1.0)=   -5 ( -1.0, -1.0)=   -5 
     53 | (281.0,141.0)=93564 ( -1.0, -1.0)=   -5 ( -1.0, -1.0)=   -5 ( -1.0, -1.0)=   -5 ( -1.0, -1.0)=   -5 ( -1.0, -1.0)=   -5 ( -1.0, -1.0)=   -5 ( -1.0, -1.0)=   -5 ( -1.0, -1.0)=   -5 ( -1.0, -1.0)=   -5 
     54 | (261.0,141.0)=93564 (257.2,140.9)=    0 ( -1.0, -1.0)=   -5 ( -1.0, -1.0)=   -5 ( -1.0, -1.0)=   -5 ( -1.0, -1.0)=   -5 ( -1.0, -1.0)=   -5 ( -1.0, -1.0)=   -5 ( -1.0, -1.0)=   -5 ( -1.0, -1.0)=   -5 
     55 | (141.0,141.0)=93564 ( -1.0, -1.0)=   -5 ( -1.0, -1.0)=   -5 ( -1.0, -1.0)=   -5 ( -1.0, -1.0)=   -5 ( -1.0, -1.0)=   -5 ( -1.0, -1.0)=   -5 ( -1.0, -1.0)=   -5 ( -1.0, -1.0)=   -5 ( -1.0, -1.0)=   -5 
     56 | (121.0,118.0)=93564 ( -1.0, -1.0)=   -5 ( -1.0, -1.0)=   -5 ( -1.0, -1.0)=   -5 ( -1.0, -1.0)=   -5 ( -1.0, -1.0)=   -5 ( -1.0, -1.0)=   -5 ( -1.0, -1.0)=   -5 ( -1.0, -1.0)=   -5 ( -1.0, -1.0)=   -5 
     57 | (138.0,118.0)=93564 ( -1.0, -1.0)=   -5 ( -1.0, -1.0)=   -5 ( -1.0, -1.0)=   -5 ( -1.0, -1.0)=   -5 ( -1.0, -1.0)=   -5 ( -1.0, -1.0)=   -5 ( -1.0, -1.0)=   -5 ( -1.0, -1.0)=   -5 ( -1.0, -1.0)=   -5 
     58 | ( 38.0,141.0)=93564 ( -1.0, -1.0)=   -4 ( -1.0, -1.0)=   -4 ( -1.0, -1.0)=   -4 ( -1.0, -1.0)=   -4 ( -1.0, -1.0)=   -4 ( -1.0, -1.0)=   -4 ( -1.0, -1.0)=   -4 ( -1.0, -1.0)=   -4 ( -1.0, -1.0)=   -4 
     59 | (158.0,118.0)=93564 ( -1.0, -1.0)=   -5 ( -1.0, -1.0)=   -5 ( -1.0, -1.0)=   -5 ( -1.0, -1.0)=   -5 ( -1.0, -1.0)=   -5 ( -1.0, -1.0)=   -5 ( -1.0, -1.0)=   -5 ( -1.0, -1.0)=   -5 ( -1.0, -1.0)=   -5 
     60 | (181.0,118.0)=93564 ( -1.0, -1.0)=   -5 ( -1.0, -1.0)=   -5 ( -1.0, -1.0)=   -5 ( -1.0, -1.0)=   -5 ( -1.0, -1.0)=   -5 ( -1.0, -1.0)=   -5 ( -1.0, -1.0)=   -5 ( -1.0, -1.0)=   -5 ( -1.0, -1.0)=   -5 
     61 | (198.0,118.0)=93564 ( -1.0, -1.0)=   -5 ( -1.0, -1.0)=   -5 ( -1.0, -1.0)=   -5 ( -1.0, -1.0)=   -5 ( -1.0, -1.0)=   -5 ( -1.0, -1.0)=   -5 ( -1.0, -1.0)=   -5 ( -1.0, -1.0)=   -5 ( -1.0, -1.0)=   -5 
     62 | ( 58.0,141.0)=93564 ( -1.0, -1.0)=   -5 ( -1.0, -1.0)=   -5 ( -1.0, -1.0)=   -5 ( -1.0, -1.0)=   -5 ( -1.0, -1.0)=   -5 ( -1.0, -1.0)=   -5 ( -1.0, -1.0)=   -5 ( -1.0, -1.0)=   -5 ( -1.0, -1.0)=   -5 
     63 | (118.0,141.0)=93564 ( -1.0, -1.0)=   -5 ( -1.0, -1.0)=   -5 ( -1.0, -1.0)=   -5 ( -1.0, -1.0)=   -5 ( -1.0, -1.0)=   -5 ( -1.0, -1.0)=   -5 ( -1.0, -1.0)=   -5 ( -1.0, -1.0)=   -5 ( -1.0, -1.0)=   -5 
     64 | ( 98.0,118.0)=93564 ( -1.0, -1.0)=   -5 ( -1.0, -1.0)=   -5 ( -1.0, -1.0)=   -5 ( -1.0, -1.0)=   -5 ( -1.0, -1.0)=   -5 ( -1.0, -1.0)=   -5 ( -1.0, -1.0)=   -5 ( -1.0, -1.0)=   -5 ( -1.0, -1.0)=   -5 
     65 | (101.0,141.0)=93564 ( -1.0, -1.0)=   -5 ( -1.0, -1.0)=   -5 ( -1.0, -1.0)=   -5 ( -1.0, -1.0)=   -5 ( -1.0, -1.0)=   -5 ( -1.0, -1.0)=   -5 ( -1.0, -1.0)=   -5 ( -1.0, -1.0)=   -5 ( -1.0, -1.0)=   -5 
     66 | ( 78.0,141.0)=93564 ( -1.0, -1.0)=   -5 ( -1.0, -1.0)=   -5 ( -1.0, -1.0)=   -5 ( -1.0, -1.0)=   -5 ( -1.0, -1.0)=   -5 ( -1.0, -1.0)=   -5 ( -1.0, -1.0)=   -5 ( -1.0, -1.0)=   -5 ( -1.0, -1.0)=   -5 
     67 | (201.0, 41.0)=93564 (200.0, 41.0)=    0 (199.0, 40.7)=    0 (198.0, 40.6)=    0 (197.1, 40.5)=    0 ( -1.0, -1.0)=   -3 ( -1.0, -1.0)=   -3 ( -1.0, -1.0)=   -3 ( -1.0, -1.0)=   -3 ( -1.0, -1.0)=   -3 
     68 | (218.0, 41.0)=93564 ( -1.0, -1.0)=   -4 ( -1.0, -1.0)=   -4 ( -1.0, -1.0)=   -4 ( -1.0, -1.0)=   -4 ( -1.0, -1.0)=   -4 ( -1.0, -1.0)=   -4 ( -1.0, -1.0)=   -4 ( -1.0, -1.0)=   -4 ( -1.0, -1.0)=   -4 
     69 | (258.0, 41.0)=93564 ( -1.0, -1.0)=   -5 ( -1.0, -1.0)=   -5 ( -1.0, -1.0)=   -5 ( -1.0, -1.0)=   -5 ( -1.0, -1.0)=   -5 ( -1.0, -1.0)=   -5 ( -1.0, -1.0)=   -5 ( -1.0, -1.0)=   -5 ( -1.0, -1.0)=   -5 
     70 | (241.0, 41.0)=93564 ( -1.0, -1.0)=   -5 ( -1.0, -1.0)=   -5 ( -1.0, -1.0)=   -5 ( -1.0, -1.0)=   -5 ( -1.0, -1.0)=   -5 ( -1.0, -1.0)=   -5 ( -1.0, -1.0)=   -5 ( -1.0, -1.0)=   -5 ( -1.0, -1.0)=   -5 
     71 | (181.0, 41.0)=93564 ( -1.0, -1.0)=   -3 ( -1.0, -1.0)=   -3 ( -1.0, -1.0)=   -3 ( -1.0, -1.0)=   -3 ( -1.0, -1.0)=   -3 ( -1.0, -1.0)=   -3 ( -1.0, -1.0)=   -3 ( -1.0, -1.0)=   -3 ( -1.0, -1.0)=   -3 
     72 | (141.0, 41.0)=93564 (138.7, 40.8)=    0 ( -1.0, -1.0)=   -5 ( -1.0, -1.0)=   -5 ( -1.0, -1.0)=   -5 ( -1.0, -1.0)=   -5 ( -1.0, -1.0)=   -5 ( -1.0, -1.0)=   -5 ( -1.0, -1.0)=   -5 ( -1.0, -1.0)=   -5 
     73 | (158.0, 41.0)=93564 ( -1.0, -1.0)=   -5 ( -1.0, -1.0)=   -5 ( -1.0, -1.0)=   -5 ( -1.0, -1.0)=   -5 ( -1.0, -1.0)=   -5 ( -1.0, -1.0)=   -5 ( -1.0, -1.0)=   -5 ( -1.0, -1.0)=   -5 ( -1.0, -1.0)=   -5 
     74 | (241.0,101.0)=93564 ( -1.0, -1.0)=   -5 ( -1.0, -1.0)=   -5 ( -1.0, -1.0)=   -5 ( -1.0, -1.0)=   -5 ( -1.0, -1.0)=   -5 ( -1.0, -1.0)=   -5 ( -1.0, -1.0)=   -5 ( -1.0, -1.0)=   -5 ( -1.0, -1.0)=   -5 
     75 | (278.0, 41.0)=93564 ( -1.0, -1.0)=   -5 ( -1.0, -1.0)=   -5 ( -1.0, -1.0)=   -5 ( -1.0, -1.0)=   -5 ( -1.0, -1.0)=   -5 ( -1.0, -1.0)=   -5 ( -1.0, -1.0)=   -5 ( -1.0, -1.0)=   -5 ( -1.0, -1.0)=   -5 
     76 | (161.0,101.0)=93564 ( -1.0, -1.0)=   -5 ( -1.0, -1.0)=   -5 ( -1.0, -1.0)=   -5 ( -1.0, -1.0)=   -5 ( -1.0, -1.0)=   -5 ( -1.0, -1.0)=   -5 ( -1.0, -1.0)=   -5 ( -1.0, -1.0)=   -5 ( -1.0, -1.0)=   -5 
     77 | (178.0,101.0)=93564 ( -1.0, -1.0)=   -5 ( -1.0, -1.0)=   -5 ( -1.0, -1.0)=   -5 ( -1.0, -1.0)=   -5 ( -1.0, -1.0)=   -5 ( -1.0, -1.0)=   -5 ( -1.0, -1.0)=   -5 ( -1.0, -1.0)=   -5 ( -1.0, -1.0)=   -5 
     78 | (141.0,101.0)=93564 ( -1.0, -1.0)=   -5 ( -1.0, -1.0)=   -5 ( -1.0, -1.0)=   -5 ( -1.0, -1.0)=   -5 ( -1.0, -1.0)=   -5 ( -1.0, -1.0)=   -5 ( -1.0, -1.0)=   -5 ( -1.0, -1.0)=   -5 ( -1.0, -1.0)=   -5 
     79 | (198.0,101.0)=93564 ( -1.0, -1.0)=   -5 ( -1.0, -1.0)=   -5 ( -1.0, -1.0)=   -5 ( -1.0, -1.0)=   -5 ( -1.0, -1.0)=   -5 ( -1.0, -1.0)=   -5 ( -1.0, -1.0)=   -5 ( -1.0, -1.0)=   -5 ( -1.0, -1.0)=   -5 
     80 | (221.0,101.0)=93564 ( -1.0, -1.0)=   -5 ( -1.0, -1.0)=   -5 ( -1.0, -1.0)=   -5 ( -1.0, -1.0)=   -5 ( -1.0, -1.0)=   -5 ( -1.0, -1.0)=   -5 ( -1.0, -1.0)=   -5 ( -1.0, -1.0)=   -5 ( -1.0, -1.0)=   -5 
     81 | ( 58.0,101.0)=93564 ( 52.6,101.6)=    0 ( -1.0, -1.0)=   -3 ( -1.0, -1.0)=   -3 ( -1.0, -1.0)=   -3 ( -1.0, -1.0)=   -3 ( -1.0, -1.0)=   -3 ( -1.0, -1.0)=   -3 ( -1.0, -1.0)=   -3 ( -1.0, -1.0)=   -3 
     82 | ( 41.0,101.0)=93564 ( -1.0, -1.0)=   -3 ( -1.0, -1.0)=   -3 ( -1.0, -1.0)=   -3 ( -1.0, -1.0)=   -3 ( -1.0, -1.0)=   -3 ( -1.0, -1.0)=   -3 ( -1.0, -1.0)=   -3 ( -1.0, -1.0)=   -3 ( -1.0, -1.0)=   -3 
     83 | (121.0,101.0)=93564 ( -1.0, -1.0)=   -5 ( -1.0, -1.0)=   -5 ( -1.0, -1.0)=   -5 ( -1.0, -1.0)=   -5 ( -1.0, -1.0)=   -5 ( -1.0, -1.0)=   -5 ( -1.0, -1.0)=   -5 ( -1.0, -1.0)=   -5 ( -1.0, -1.0)=   -5 
     84 | ( 78.0,101.0)=93564 ( -1.0, -1.0)=   -4 ( -1.0, -1.0)=   -4 ( -1.0, -1.0)=   -4 ( -1.0, -1.0)=   -4 ( -1.0, -1.0)=   -4 ( -1.0, -1.0)=   -4 ( -1.0, -1.0)=   -4 ( -1.0, -1.0)=   -4 ( -1.0, -1.0)=   -4 
     85 | (101.0,101.0)=93564 ( -1.0, -1.0)=   -5 ( -1.0, -1.0)=   -5 ( -1.0, -1.0)=   -5 ( -1.0, -1.0)=   -5 ( -1.0, -1.0)=   -5 ( -1.0, -1.0)=   -5 ( -1.0, -1.0)=   -5 ( -1.0, -1.0)=   -5 ( -1.0, -1.0)=   -5 
     86 | (178.0,178.0)=93564 ( -1.0, -1.0)=   -5 ( -1.0, -1.0)=   -5 ( -1.0, -1.0)=   -5 ( -1.0, -1.0)=   -5 ( -1.0, -1.0)=   -5 ( -1.0, -1.0)=   -5 ( -1.0, -1.0)=   -5 ( -1.0, -1.0)=   -5 ( -1.0, -1.0)=   -5 
     87 | (161.0,178.0)=93564 ( -1.0, -1.0)=   -5 ( -1.0, -1.0)=   -5 ( -1.0, -1.0)=   -5 ( -1.0, -1.0)=   -5 ( -1.0, -1.0)=   -5 ( -1.0, -1.0)=   -5 ( -1.0, -1.0)=   -5 ( -1.0, -1.0)=   -5 ( -1.0, -1.0)=   -5 
     88 | (198.0,178.0)=93564 ( -1.0, -1.0)=   -5 ( -1.0, -1.0)=   -5 ( -1.0, -1.0)=   -5 ( -1.0, -1.0)=   -5 ( -1.0, -1.0)=   -5 ( -1.0, -1.0)=   -5 ( -1.0, -1.0)=   -5 ( -1.0, -1.0)=   -5 ( -1.0, -1.0)=   -5 
     89 | (141.0,178.0)=93564 ( -1.0, -1.0)=   -3 ( -1.0, -1.0)=   -3 ( -1.0, -1.0)=   -3 ( -1.0, -1.0)=   -3 ( -1.0, -1.0)=   -3 ( -1.0, -1.0)=   -3 ( -1.0, -1.0)=   -3 ( -1.0, -1.0)=   -3 ( -1.0, -1.0)=   -3 
     90 | (118.0,178.0)=93564 ( -1.0, -1.0)=   -5 ( -1.0, -1.0)=   -5 ( -1.0, -1.0)=   -5 ( -1.0, -1.0)=   -5 ( -1.0, -1.0)=   -5 ( -1.0, -1.0)=   -5 ( -1.0, -1.0)=   -5 ( -1.0, -1.0)=   -5 ( -1.0, -1.0)=   -5 
     91 | (101.0,178.0)=93564 ( -1.0, -1.0)=   -5 ( -1.0, -1.0)=   -5 ( -1.0, -1.0)=   -5 ( -1.0, -1.0)=   -5 ( -1.0, -1.0)=   -5 ( -1.0, -1.0)=   -5 ( -1.0, -1.0)=   -5 ( -1.0, -1.0)=   -5 ( -1.0, -1.0)=   -5 
     92 | (218.0,178.0)=93564 ( -1.0, -1.0)=   -3 ( -1.0, -1.0)=   -3 ( -1.0, -1.0)=   -3 ( -1.0, -1.0)=   -3 ( -1.0, -1.0)=   -3 ( -1.0, -1.0)=   -3 ( -1.0, -1.0)=   -3 ( -1.0, -1.0)=   -3 ( -1.0, -1.0)=   -3 
     93 | ( 38.0, 61.0)=93564 ( -1.0, -1.0)=   -5 ( -1.0, -1.0)=   -5 ( -1.0, -1.0)=   -5 ( -1.0, -1.0)=   -5 ( -1.0, -1.0)=   -5 ( -1.0, -1.0)=   -5 ( -1.0, -1.0)=   -5 ( -1.0, -1.0)=   -5 ( -1.0, -1.0)=   -5 
     94 | (281.0,178.0)=93564 ( -1.0, -1.0)=   -3 ( -1.0, -1.0)=   -3 ( -1.0, -1.0)=   -3 ( -1.0, -1.0)=   -3 ( -1.0, -1.0)=   -3 ( -1.0, -1.0)=   -3 ( -1.0, -1.0)=   -3 ( -1.0, -1.0)=   -3 ( -1.0, -1.0)=   -3 
     95 | ( 58.0, 61.0)=93564 ( 55.6, 61.2)=    0 ( 52.9, 61.5)=    0 ( 50.3, 61.7)=    0 ( 47.9, 61.8)=    0 ( 45.4, 62.1)=    0 ( 42.7, 62.4)=    0 ( 40.0, 62.8)=    0 ( -1.0, -1.0)=   -5 ( -1.0, -1.0)=   -5 
     96 | (261.0,178.0)=93564 ( -1.0, -1.0)=   -5 ( -1.0, -1.0)=   -5 ( -1.0, -1.0)=   -5 ( -1.0, -1.0)=   -5 ( -1.0, -1.0)=   -5 ( -1.0, -1.0)=   -5 ( -1.0, -1.0)=   -5 ( -1.0, -1.0)=   -5 ( -1.0, -1.0)=   -5 
     97 | (238.0,178.0)=93564 ( -1.0, -1.0)=   -3 ( -1.0, -1.0)=   -3 ( -1.0, -1.0)=   -3 ( -1.0, -1.0)=   -3 ( -1.0, -1.0)=   -3 ( -1.0, -1.0)=   -3 ( -1.0, -1.0)=   -3 ( -1.0, -1.0)=   -3 ( -1.0, -1.0)=   -3 
     98 | ( 81.0,178.0)=93564 ( -1.0, -1.0)=   -5 ( -1.0, -1.0)=   -5 ( -1.0, -1.0)=   -5 ( -1.0, -1.0)=   -5 ( -1.0, -1.0)=   -5 ( -1.0, -1.0)=   -5 ( -1.0, -1.0)=   -5 ( -1.0, -1.0)=   -5 ( -1.0, -1.0)=   -5 
     99 | (201.0, 58.0)=93564 ( -1.0, -1.0)=   -3 ( -1.0, -1.0)=   -3 ( -1.0, -1.0)=   -3 ( -1.0, -1.0)=   -3 ( -1.0, -1.0)=   -3 ( -1.0, -1.0)=   -3 ( -1.0, -1.0)=   -3 ( -1.0, -1.0)=   -3 ( -1.0, -1.0)=   -3 
    100 | (218.0, 58.0)=93564 ( -1.0, -1.0)=   -3 ( -1.0, -1.0)=   -3 ( -1.0, -1.0)=   -3 ( -1.0, -1.0)=   -3 ( -1.0, -1.0)=   -3 ( -1.0, -1.0)=   -3 ( -1.0, -1.0)=   -3 ( -1.0, -1.0)=   -3 ( -1.0, -1.0)=   -3 
    101 | (178.0, 58.0)=93564 ( -1.0, -1.0)=   -3 ( -1.0, -1.0)=   -3 ( -1.0, -1.0)=   -3 ( -1.0, -1.0)=   -3 ( -1.0, -1.0)=   -3 ( -1.0, -1.0)=   -3 ( -1.0, -1.0)=   -3 ( -1.0, -1.0)=   -3 ( -1.0, -1.0)=   -3 
    102 | (238.0, 58.0)=93564 ( -1.0, -1.0)=   -5 ( -1.0, -1.0)=   -5 ( -1.0, -1.0)=   -5 ( -1.0, -1.0)=   -5 ( -1.0, -1.0)=   -5 ( -1.0, -1.0)=   -5 ( -1.0, -1.0)=   -5 ( -1.0, -1.0)=   -5 ( -1.0, -1.0)=   -5 
    103 | ( 58.0,178.0)=93564 ( -1.0, -1.0)=   -5 ( -1.0, -1.0)=   -5 ( -1.0, -1.0)=   -5 ( -1.0, -1.0)=   -5 ( -1.0, -1.0)=   -5 ( -1.0, -1.0)=   -5 ( -1.0, -1.0)=   -5 ( -1.0, -1.0)=   -5 ( -1.0, -1.0)=   -5 
    104 | ( 41.0,178.0)=93564 ( -1.0, -1.0)=   -5 ( -1.0, -1.0)=   -5 ( -1.0, -1.0)=   -5 ( -1.0, -1.0)=   -5 ( -1.0, -1.0)=   -5 ( -1.0, -1.0)=   -5 ( -1.0, -1.0)=   -5 ( -1.0, -1.0)=   -5 ( -1.0, -1.0)=   -5 
    105 | (258.0, 58.0)=93564 (256.0, 58.0)=    0 (254.0, 58.0)=    0 ( -1.0, -1.0)=   -5 ( -1.0, -1.0)=   -5 ( -1.0, -1.0)=   -5 ( -1.0, -1.0)=   -5 ( -1.0, -1.0)=   -5 ( -1.0, -1.0)=   -5 ( -1.0, -1.0)=   -5 
    106 | ( 78.0, 61.0)=93564 ( 73.4, 61.8)=    0 ( -1.0, -1.0)=   -3 ( -1.0, -1.0)=   -3 ( -1.0, -1.0)=   -3 ( -1.0, -1.0)=   -3 ( -1.0, -1.0)=   -3 ( -1.0, -1.0)=   -3 ( -1.0, -1.0)=   -3 ( -1.0, -1.0)=   -3 
    107 | (158.0, 61.0)=93564 (155.8, 60.8)=    0 (153.6, 60.7)=    0 (151.5, 60.5)=    0 (149.3, 60.3)=    0 (147.2, 60.2)=    0 (145.1, 59.9)=    0 (143.0, 59.9)=    0 (140.9, 59.9)=    0 (138.7, 60.0)=    0 
    108 | (141.0, 61.0)=93564 ( -1.0, -1.0)=   -5 ( -1.0, -1.0)=   -5 ( -1.0, -1.0)=   -5 ( -1.0, -1.0)=   -5 ( -1.0, -1.0)=   -5 ( -1.0, -1.0)=   -5 ( -1.0, -1.0)=   -5 ( -1.0, -1.0)=   -5 ( -1.0, -1.0)=   -5 
    109 | (121.0, 61.0)=93564 ( -1.0, -1.0)=   -5 ( -1.0, -1.0)=   -5 ( -1.0, -1.0)=   -5 ( -1.0, -1.0)=   -5 ( -1.0, -1.0)=   -5 ( -1.0, -1.0)=   -5 ( -1.0, -1.0)=   -5 ( -1.0, -1.0)=   -5 ( -1.0, -1.0)=   -5 
    110 | ( 98.0, 61.0)=93564 ( -1.0, -1.0)=   -5 ( -1.0, -1.0)=   -5 ( -1.0, -1.0)=   -5 ( -1.0, -1.0)=   -5 ( -1.0, -1.0)=   -5 ( -1.0, -1.0)=   -5 ( -1.0, -1.0)=   -5 ( -1.0, -1.0)=   -5 ( -1.0, -1.0)=   -5 
    111 | (281.0, 81.0)=93564 ( -1.0, -1.0)=   -5 ( -1.0, -1.0)=   -5 ( -1.0, -1.0)=   -5 ( -1.0, -1.0)=   -5 ( -1.0, -1.0)=   -5 ( -1.0, -1.0)=   -5 ( -1.0, -1.0)=   -5 ( -1.0, -1.0)=   -5 ( -1.0, -1.0)=   -5 
    112 | (261.0, 81.0)=93564 (258.9, 81.1)=    0 ( -1.0, -1.0)=   -3 ( -1.0, -1.0)=   -3 ( -1.0, -1.0)=   -3 ( -1.0, -1.0)=   -3 ( -1.0, -1.0)=   -3 ( -1.0, -1.0)=   -3 ( -1.0, -1.0)=   -3 ( -1.0, -1.0)=   -3 
    113 | (218.0,121.0)=93564 ( -1.0, -1.0)=   -5 ( -1.0, -1.0)=   -5 ( -1.0, -1.0)=   -5 ( -1.0, -1.0)=   -5 ( -1.0, -1.0)=   -5 ( -1.0, -1.0)=   -5 ( -1.0, -1.0)=   -5 ( -1.0, -1.0)=   -5 ( -1.0, -1.0)=   -5 
    114 | (238.0,121.0)=93564 ( -1.0, -1.0)=   -5 ( -1.0, -1.0)=   -5 ( -1.0, -1.0)=   -5 ( -1.0, -1.0)=   -5 ( -1.0, -1.0)=   -5 ( -1.0, -1.0)=   -5 ( -1.0, -1.0)=   -5 ( -1.0, -1.0)=   -5 ( -1.0, -1.0)=   -5 
    115 | (278.0,121.0)=93564 ( -1.0, -1.0)=   -5 ( -1.0, -1.0)=   -5 ( -1.0, -1.0)=   -5 ( -1.0, -1.0)=   -5 ( -1.0, -1.0)=   -5 ( -1.0, -1.0)=   -5 ( -1.0, -1.0)=   -5 ( -1.0, -1.0)=   -5 ( -1.0, -1.0)=   -5 
    116 | (258.0,118.0)=93564 ( -1.0, -1.0)=   -5 ( -1.0, -1.0)=   -5 ( -1.0, -1.0)=   -5 ( -1.0, -1.0)=   -5 ( -1.0, -1.0)=   -5 ( -1.0, -1.0)=   -5 ( -1.0, -1.0)=   -5 ( -1.0, -1.0)=   -5 ( -1.0, -1.0)=   -5 
    117 | (123.0, 24.0)= 5707 ( -1.0, -1.0)=   -3 ( -1.0, -1.0)=   -3 ( -1.0, -1.0)=   -3 ( -1.0, -1.0)=   -3 ( -1.0, -1.0)=   -3 ( -1.0, -1.0)=   -3 ( -1.0, -1.0)=   -3 ( -1.0, -1.0)=   -3 ( -1.0, -1.0)=   -3 
    118 | (156.0,215.0)= 5707 ( -1.0, -1.0)=   -5 ( -1.0, -1.0)=   -5 ( -1.0, -1.0)=   -5 ( -1.0, -1.0)=   -5 ( -1.0, -1.0)=   -5 ( -1.0, -1.0)=   -5 ( -1.0, -1.0)=   -5 ( -1.0, -1.0)=   -5 ( -1.0, -1.0)=   -5 
    119 | (295.0, 76.0)= 5707 ( -1.0, -1.0)=   -5 ( -1.0, -1.0)=   -5 ( -1.0, -1.0)=   -5 ( -1.0, -1.0)=   -5 ( -1.0, -1.0)=   -5 ( -1.0, -1.0)=   -5 ( -1.0, -1.0)=   -5 ( -1.0, -1.0)=   -5 ( -1.0, -1.0)=   -5 
    120 | ( 24.0,176.0)= 5707 ( -1.0, -1.0)=   -4 ( -1.0, -1.0)=   -4 ( -1.0, -1.0)=   -4 ( -1.0, -1.0)=   -4 ( -1.0, -1.0)=   -4 ( -1.0, -1.0)=   -4 ( -1.0, -1.0)=   -4 ( -1.0, -1.0)=   -4 ( -1.0, -1.0)=   -4 
    121 | ( 24.0,103.0)= 5707 ( -1.0, -1.0)=   -4 ( -1.0, -1.0)=   -4 ( -1.0, -1.0)=   -4 ( -1.0, -1.0)=   -4 ( -1.0, -1.0)=   -4 ( -1.0, -1.0)=   -4 ( -1.0, -1.0)=   -4 ( -1.0, -1.0)=   -4 ( -1.0, -1.0)=   -4 
    122 | (295.0,163.0)= 5707 ( -1.0, -1.0)=   -5 ( -1.0, -1.0)=   -5 ( -1.0, -1.0)=   -5 ( -1.0, -1.0)=   -5 ( -1.0, -1.0)=   -5 ( -1.0, -1.0)=   -5 ( -1.0, -1.0)=   -5 ( -1.0, -1.0)=   -5 ( -1.0, -1.0)=   -5 
    123 | (176.0,215.0)= 5707 ( -1.0, -1.0)=   -4 ( -1.0, -1.0)=   -4 ( -1.0, -1.0)=   -4 ( -1.0, -1.0)=   -4 ( -1.0, -1.0)=   -4 ( -1.0, -1.0)=   -4 ( -1.0, -1.0)=   -4 ( -1.0, -1.0)=   -4 ( -1.0, -1.0)=   -4 
    124 | ( 24.0, 43.0)= 5707 ( -1.0, -1.0)=   -4 ( -1.0, -1.0)=   -4 ( -1.0, -1.0)=   -4 ( -1.0, -1.0)=   -4 ( -1.0, -1.0)=   -4 ( -1.0, -1.0)=   -4 ( -1.0, -1.0)=   -4 ( -1.0, -1.0)=   -4 ( -1.0, -1.0)=   -4 
    125 | (295.0, 96.0)= 5707 ( -1.0, -1.0)=   -5 ( -1.0, -1.0)=   -5 ( -1.0, -1.0)=   -5 ( -1.0, -1.0)=   -5 ( -1.0, -1.0)=   -5 ( -1.0, -1.0)=   -5 ( -1.0, -1.0)=   -5 ( -1.0, -1.0)=   -5 ( -1.0, -1.0)=   -5 
    126 | ( 96.0,215.0)= 5707 ( -1.0, -1.0)=   -5 ( -1.0, -1.0)=   -5 ( -1.0, -1.0)=   -5 ( -1.0, -1.0)=   -5 ( -1.0, -1.0)=   -5 ( -1.0, -1.0)=   -5 ( -1.0, -1.0)=   -5 ( -1.0, -1.0)=   -5 ( -1.0, -1.0)=   -5 
    127 | (295.0,176.0)= 5707 ( -1.0, -1.0)=   -4 ( -1.0, -1.0)=   -4 ( -1.0, -1.0)=   -4 ( -1.0, -1.0)=   -4 ( -1.0, -1.0)=   -4 ( -1.0, -1.0)=   -4 ( -1.0, -1.0)=   -4 ( -1.0, -1.0)=   -4 ( -1.0, -1.0)=   -4 
    128 | ( 83.0,215.0)= 5707 ( -1.0, -1.0)=   -4 ( -1.0, -1.0)=   -4 ( -1.0, -1.0)=   -4 ( -1.0, -1.0)=   -4 ( -1.0, -1.0)=   -4 ( -1.0, -1.0)=   -4 ( -1.0, -1.0)=   -4 ( -1.0, -1.0)=   -4 ( -1.0, -1.0)=   -4 
    129 | (223.0, 24.0)= 5707 ( -1.0, -1.0)=   -4 ( -1.0, -1.0)=   -4 ( -1.0, -1.0)=   -4 ( -1.0, -1.0)=   -4 ( -1.0, -1.0)=   -4 ( -1.0, -1.0)=   -4 ( -1.0, -1.0)=   -4 ( -1.0, -1.0)=   -4 ( -1.0, -1.0)=   -4 
    130 | ( 56.0,215.0)= 5707 ( -1.0, -1.0)=   -4 ( -1.0, -1.0)=   -4 ( -1.0, -1.0)=   -4 ( -1.0, -1.0)=   -4 ( -1.0, -1.0)=   -4 ( -1.0, -1.0)=   -4 ( -1.0, -1.0)=   -4 ( -1.0, -1.0)=   -4 ( -1.0, -1.0)=   -4 
    131 | ( 43.0,215.0)= 5707 ( -1.0, -1.0)=   -3 ( -1.0, -1.0)=   -3 ( -1.0, -1.0)=   -3 ( -1.0, -1.0)=   -3 ( -1.0, -1.0)=   -3 ( -1.0, -1.0)=   -3 ( -1.0, -1.0)=   -3 ( -1.0, -1.0)=   -3 ( -1.0, -1.0)=   -3 
    132 | (203.0, 24.0)= 5707 ( -1.0, -1.0)=   -4 ( -1.0, -1.0)=   -4 ( -1.0, -1.0)=   -4 ( -1.0, -1.0)=   -4 ( -1.0, -1.0)=   -4 ( -1.0, -1.0)=   -4 ( -1.0, -1.0)=   -4 ( -1.0, -1.0)=   -4 ( -1.0, -1.0)=   -4 
    133 | (136.0,215.0)= 5707 ( -1.0, -1.0)=   -4 ( -1.0, -1.0)=   -4 ( -1.0, -1.0)=   -4 ( -1.0, -1.0)=   -4 ( -1.0, -1.0)=   -4 ( -1.0, -1.0)=   -4 ( -1.0, -1.0)=   -4 ( -1.0, -1.0)=   -4 ( -1.0, -1.0)=   -4 
    134 | (156.0, 24.0)= 5707 (153.8, 24.8)=    0 (152.7, 24.2)=    0 ( -1.0, -1.0)=   -4 ( -1.0, -1.0)=   -4 ( -1.0, -1.0)=   -4 ( -1.0, -1.0)=   -4 ( -1.0, -1.0)=   -4 ( -1.0, -1.0)=   -4 ( -1.0, -1.0)=   -4 
    135 | (136.0, 24.0)= 5707 ( -1.0, -1.0)=   -3 ( -1.0, -1.0)=   -3 ( -1.0, -1.0)=   -3 ( -1.0, -1.0)=   -3 ( -1.0, -1.0)=   -3 ( -1.0, -1.0)=   -3 ( -1.0, -1.0)=   -3 ( -1.0, -1.0)=   -3 ( -1.0, -1.0)=   -3 
    136 | (176.0, 24.0)= 5707 ( -1.0, -1.0)=   -3 ( -1.0, -1.0)=   -3 ( -1.0, -1.0)=   -3 ( -1.0, -1.0)=   -3 ( -1.0, -1.0)=   -3 ( -1.0, -1.0)=   -3 ( -1.0, -1.0)=   -3 ( -1.0, -1.0)=   -3 ( -1.0, -1.0)=   -3 
    137 | (123.0,215.0)= 5707 ( -1.0, -1.0)=   -4 ( -1.0, -1.0)=   -4 ( -1.0, -1.0)=   -4 ( -1.0, -1.0)=   -4 ( -1.0, -1.0)=   -4 ( -1.0, -1.0)=   -4 ( -1.0, -1.0)=   -4 ( -1.0, -1.0)=   -4 ( -1.0, -1.0)=   -4 
    138 | ( 24.0, 56.0)= 5707 ( -1.0, -1.0)=   -4 ( -1.0, -1.0)=   -4 ( -1.0, -1.0)=   -4 ( -1.0, -1.0)=   -4 ( -1.0, -1.0)=   -4 ( -1.0, -1.0)=   -4 ( -1.0, -1.0)=   -4 ( -1.0, -1.0)=   -4 ( -1.0, -1.0)=   -4 
    139 | (295.0, 56.0)= 5707 ( -1.0, -1.0)=   -4 ( -1.0, -1.0)=   -4 ( -1.0, -1.0)=   -4 ( -1.0, -1.0)=   -4 ( -1.0, -1.0)=   -4 ( -1.0, -1.0)=   -4 ( -1.0, -1.0)=   -4 ( -1.0, -1.0)=   -4 ( -1.0, -1.0)=   -4 
    140 | ( 36.0, 24.0)= 5707 ( -1.0, -1.0)=   -4 ( -1.0, -1.0)=   -4 ( -1.0, -1.0)=   -4 ( -1.0, -1.0)=   -4 ( -1.0, -1.0)=   -4 ( -1.0, -1.0)=   -4 ( -1.0, -1.0)=   -4 ( -1.0, -1.0)=   -4 ( -1.0, -1.0)=   -4 
    141 | (276.0,215.0)= 5707 ( -1.0, -1.0)=   -4 ( -1.0, -1.0)=   -4 ( -1.0, -1.0)=   -4 ( -1.0, -1.0)=   -4 ( -1.0, -1.0)=   -4 ( -1.0, -1.0)=   -4 ( -1.0, -1.0)=   -4 ( -1.0, -1.0)=   -4 ( -1.0, -1.0)=   -4 
    142 | (295.0, 36.0)= 5707 ( -1.0, -1.0)=   -4 ( -1.0, -1.0)=   -4 ( -1.0, -1.0)=   -4 ( -1.0, -1.0)=   -4 ( -1.0, -1.0)=   -4 ( -1.0, -1.0)=   -4 ( -1.0, -1.0)=   -4 ( -1.0, -1.0)=   -4 ( -1.0, -1.0)=   -4 
    143 | (263.0,215.0)= 5707 ( -1.0, -1.0)=   -5 ( -1.0, -1.0)=   -5 ( -1.0, -1.0)=   -5 ( -1.0, -1.0)=   -5 ( -1.0, -1.0)=   -5 ( -1.0, -1.0)=   -5 ( -1.0, -1.0)=   -5 ( -1.0, -1.0)=   -5 ( -1.0, -1.0)=   -5 
    144 | ( 24.0, 76.0)= 5707 ( -1.0, -1.0)=   -4 ( -1.0, -1.0)=   -4 ( -1.0, -1.0)=   -4 ( -1.0, -1.0)=   -4 ( -1.0, -1.0)=   -4 ( -1.0, -1.0)=   -4 ( -1.0, -1.0)=   -4 ( -1.0, -1.0)=   -4 ( -1.0, -1.0)=   -4 
    145 | ( 24.0,156.0)= 5707 ( -1.0, -1.0)=   -4 ( -1.0, -1.0)=   -4 ( -1.0, -1.0)=   -4 ( -1.0, -1.0)=   -4 ( -1.0, -1.0)=   -4 ( -1.0, -1.0)=   -4 ( -1.0, -1.0)=   -4 ( -1.0, -1.0)=   -4 ( -1.0, -1.0)=   -4 
    146 | ( 24.0,123.0)= 5707 ( -1.0, -1.0)=   -4 ( -1.0, -1.0)=   -4 ( -1.0, -1.0)=   -4 ( -1.0, -1.0)=   -4 ( -1.0, -1.0)=   -4 ( -1.0, -1.0)=   -4 ( -1.0, -1.0)=   -4 ( -1.0, -1.0)=   -4 ( -1.0, -1.0)=   -4 
    147 | (295.0,123.0)= 5707 ( -1.0, -1.0)=   -5 ( -1.0, -1.0)=   -5 ( -1.0, -1.0)=   -5 ( -1.0, -1.0)=   -5 ( -1.0, -1.0)=   -5 ( -1.0, -1.0)=   -5 ( -1.0, -1.0)=   -5 ( -1.0, -1.0)=   -5 ( -1.0, -1.0)=   -5 
    148 | (203.0,215.0)= 5707 ( -1.0, -1.0)=   -5 ( -1.0, -1.0)=   -5 ( -1.0, -1.0)=   -5 ( -1.0, -1.0)=   -5 ( -1.0, -1.0)=   -5 ( -1.0, -1.0)=   -5 ( -1.0, -1.0)=   -5 ( -1.0, -1.0)=   -5 ( -1.0, -1.0)=   -5 
    149 | ( 96.0, 24.0)= 5707 ( -1.0, -1.0)=   -4 ( -1.0, -1.0)=   -4 ( -1.0, -1.0)=   -4 ( -1.0, -1.0)=   -4 ( -1.0, -1.0)=   -4 ( -1.0, -1.0)=   -4 ( -1.0, -1.0)=   -4 ( -1.0, -1.0)=   -4 ( -1.0, -1.0)=   -4 
